3760.364982 -20253.107371
3761.044953 -20186.639701
3762.764773 -20178.566144
3765.678840 -20176.166062
3769.910424 -20173.676253
3774.760618 -20160.094428
3779.981598 -20155.709402
3785.073211 -20153.173104
3790.154792 -20152.974989
3795.205825 -20152.962602
3800.286141 -20152.896838
3803.951817 -20152.896838
3808.643751 -20152.896838
3813.526798 -20152.896838
3818.500397 -20151.362853
3823.450034 -20151.156682
3827.542591 -20151.156682
3832.573782 -20151.156682
3837.856352 -20151.156682
3843.050837 -20151.156682
