5831.852936 -20252.709673
5832.570233 -20195.679835
5834.466888 -20166.950212
5838.096733 -20166.420946
5842.476662 -20151.134012
5847.163281 -20150.528522
5851.477830 -20150.484512
5855.913239 -20150.433156
5860.186521 -20150.231074
5864.306538 -20150.231069
5869.322356 -20150.231069
5874.915671 -20150.231069
5880.260680 -20150.177921
5885.269392 -20150.077578
5889.294009 -20150.077578
5894.550573 -20149.519596
5898.821294 -20149.519596
5903.884036 -20149.519596
5909.469321 -20149.519596
5914.284543 -20149.519596
