849.346165 -20253.439481
850.119432 -20198.918750
852.003462 -20181.101367
855.134014 -20178.678552
859.536230 -20176.950274
864.630965 -20158.928068
870.112160 -20154.371453
875.553414 -20152.743655
881.221764 -20152.742804
884.783522 -20152.742804
889.637935 -20152.742804
895.662339 -20151.741822
900.523217 -20151.413382
904.603285 -20151.413382
909.413123 -20151.413382
915.006193 -20151.374239
919.578124 -20151.374239
924.574859 -20151.374239
929.770201 -20151.374239
934.780561 -20151.374239
