2324.772793 -20438.529628
2325.527724 -20394.742222
2327.199594 -20388.438673
2329.945004 -20382.577811
2333.893771 -20381.242463
2339.156125 -20363.798049
2345.066745 -20362.557629
2351.054790 -20362.268917
2357.203331 -20361.482649
2361.183629 -20361.482635
2366.134812 -20361.482635
2372.055145 -20361.218355
2377.302582 -20360.476491
2381.439318 -20360.476491
2386.323592 -20360.476491
2392.932148 -20358.730587
2397.702742 -20358.730587
2402.802204 -20358.730587
2409.199790 -20358.730587
2414.182832 -20358.730587
