1193.440968 -20229.770700
1194.196977 -20180.007868
1195.945992 -20178.964436
1199.068875 -20176.213612
1202.991942 -20176.206530
1207.237336 -20175.122802
1207.661856 -20172.731441
1213.689959 -20154.455093
1220.587289 -20153.968299
1227.275390 -20153.661767
1233.888385 -20153.570379
1240.626268 -20153.553860
1247.417516 -20153.506948
1250.892924 -20153.506948
1255.645884 -20153.506948
1261.147856 -20153.506947
1266.323405 -20151.492097
1271.337288 -20151.492087
1276.383415 -20151.492087
1281.749313 -20151.492087
1286.399041 -20151.492087
