935.729099 -20225.736563
936.501254 -20192.074123
938.451685 -20179.972447
941.765629 -20173.407900
945.755896 -20171.852394
950.559291 -20170.678211
956.375528 -20159.816230
962.829056 -20158.114546
968.883765 -20157.560476
975.241850 -20157.470360
979.237429 -20157.470288
984.471136 -20157.162781
989.237240 -20157.159072
994.644472 -20157.012849
999.399011 -20157.012314
1004.754862 -20157.012074
1010.494688 -20157.011982
1015.863525 -20156.855716
1021.052568 -20155.102405
1025.545704 -20155.101430
1030.826568 -20155.100791
1036.294247 -20155.100276
1041.156153 -20155.100276
