2326.823619 -20275.366567
2327.528273 -20188.988350
2329.902596 -20187.047558
2332.939919 -20169.166588
2336.342583 -20167.784626
2339.731659 -20167.784458
2344.214166 -20167.655300
2348.630692 -20167.655081
2353.707016 -20167.125763
2358.536724 -20167.125692
2363.662543 -20167.125687
2369.058987 -20164.843019
2374.282939 -20164.517147
2378.815823 -20164.515742
2383.961890 -20164.514763
2389.868703 -20162.264980
2395.140855 -20158.838434
2399.762147 -20158.568057
2404.029704 -20158.568026
2409.280049 -20155.641926
2413.887835 -20155.641918
2419.064729 -20155.641918
2424.925715 -20153.905233
2429.907500 -20153.116971
2434.342636 -20153.037471
2438.494159 -20153.037471
2443.348621 -20153.037471
2448.930541 -20152.469785
2453.731465 -20152.469784
2458.849684 -20152.469784
2464.169804 -20152.469784
2469.689909 -20152.268052
2474.104607 -20152.268052
2478.997528 -20152.268052
2484.247804 -20152.268052
2489.544897 -20152.268052
