5949.068981 -20463.887029
5949.777270 -20396.305219
5951.503622 -20386.815092
5954.404526 -20381.058972
5958.663351 -20379.888146
5963.704561 -20365.899976
5969.357955 -20364.432174
5974.723011 -20364.419428
5980.229772 -20364.230573
5984.332240 -20364.108067
5988.402970 -20364.108064
5993.695853 -20364.091605
5998.242585 -20364.091605
6003.315936 -20364.091605
6009.206898 -20361.847996
6014.312502 -20360.155970
6018.792993 -20360.155961
6024.070445 -20360.075105
6028.705093 -20360.075105
6033.799981 -20360.075105
6039.328318 -20360.075105
6044.773304 -20359.956902
6049.946201 -20359.956902
6055.373308 -20359.956902
6060.896359 -20359.956902
6066.056374 -20359.956902
