3038.147760 -20230.979119
3038.855982 -20189.174741
3040.610271 -20178.954410
3043.524883 -20178.706374
3047.776497 -20177.175153
3052.002094 -20166.725677
3057.846464 -20160.580884
3063.381764 -20157.779867
3069.090710 -20157.777282
3072.618428 -20157.777282
3077.465334 -20157.777282
3083.524391 -20155.720944
3088.371297 -20155.720942
3093.621580 -20155.703507
3098.280667 -20155.703489
3103.186910 -20155.703489
3109.121627 -20154.529385
3114.407165 -20153.002098
3118.552087 -20153.002098
3123.650544 -20153.002098
3129.338129 -20153.002098
3134.484379 -20153.002098
