2939.638666 -20444.431194
2940.337244 -20391.612451
2942.595867 -20389.573685
2945.863364 -20377.328990
2949.275461 -20374.985113
2952.556630 -20374.806314
2955.785185 -20374.795900
2959.189842 -20374.538349
2963.704604 -20374.537735
2968.701521 -20371.752155
2973.659402 -20370.938331
2977.961797 -20370.938327
2983.181337 -20365.557748
2987.924478 -20365.455214
2992.052762 -20365.455214
2996.957587 -20365.455214
3002.576537 -20365.455214
3007.994779 -20364.249352
3012.831717 -20364.249352
3018.659461 -20359.890721
3023.439883 -20359.708761
3027.881609 -20359.707092
3033.146281 -20359.187389
3037.516829 -20359.187389
3042.485377 -20359.187389
3047.922804 -20359.187389
3053.017157 -20359.187389
