2850.379770 -20227.007069
2851.106159 -20178.631735
2853.184632 -20172.827830
2856.626940 -20167.538142
2861.057714 -20166.695196
2866.200212 -20159.837252
2872.122372 -20159.011186
2877.968164 -20158.905710
2881.816716 -20158.905690
2886.704998 -20158.905690
2892.950507 -20157.783680
2898.031662 -20156.592370
2902.331643 -20156.590239
2907.435702 -20156.590163
2913.179312 -20156.590161
2918.414064 -20154.546879
2923.278689 -20154.546873
2928.315526 -20154.546873
2933.936600 -20154.546873
2938.901717 -20154.546873
