4903.666548 -20476.166711
4904.369016 -20412.739553
4906.122880 -20410.121076
4909.053674 -20393.237832
4913.537555 -20391.996902
4918.631399 -20369.545260
4924.016704 -20363.137280
4929.555934 -20362.922211
4935.114047 -20362.896860
4940.582960 -20361.948479
4944.604902 -20361.948296
4949.432232 -20361.836194
4954.113230 -20361.836186
4958.823725 -20361.836186
4964.012571 -20361.836186
4969.053299 -20360.701970
4974.102633 -20360.504321
4978.124783 -20360.504321
4983.242076 -20360.242248
4987.762003 -20360.242246
4992.562221 -20360.242246
4997.971373 -20360.242246
5003.069925 -20360.242246
