7800.367281 -20486.330144
7801.114164 -20394.476035
7802.832929 -20390.987815
7805.813741 -20386.236436
7810.142914 -20383.323967
7815.253808 -20365.090151
7820.846078 -20360.134683
7826.328549 -20359.968183
7831.805688 -20359.912759
7837.664681 -20359.821935
7841.461653 -20359.821933
7846.233672 -20359.821933
7852.043013 -20359.821933
7857.588956 -20359.795244
7862.780674 -20359.667544
7867.386297 -20359.667021
7872.619235 -20359.092471
7877.312904 -20359.092471
7882.292542 -20359.092471
7888.050540 -20359.092471
7893.352314 -20359.092471
