6895.471087 -20441.184726
6896.250520 -20394.776648
6898.018447 -20384.497691
6900.917415 -20377.807851
6905.079561 -20375.616205
6910.553820 -20361.682580
6916.706724 -20360.588692
6922.379037 -20360.560898
6928.073106 -20360.545637
6934.020802 -20360.339070
6938.076617 -20360.106348
6942.344845 -20360.106150
6947.454471 -20360.106149
6953.123135 -20360.106149
6958.669375 -20358.950455
6963.781852 -20358.950403
6969.032702 -20358.950402
6974.964730 -20358.842288
6980.323997 -20356.550386
6984.608856 -20356.550384
6989.790867 -20356.550384
6995.408104 -20356.550384
7000.620005 -20356.550384
