4048.338118 -20231.827306
4049.025916 -20187.480537
4050.768041 -20176.019775
4053.735682 -20173.847833
4057.634074 -20171.254079
4062.052113 -20167.964114
4062.479130 -20166.554110
4069.114999 -20159.808940
4075.998455 -20159.697709
4082.722542 -20159.679087
4089.439714 -20159.677878
4092.728877 -20159.677878
4097.371318 -20159.677878
4103.197173 -20157.621871
4107.983099 -20155.879344
4112.241826 -20155.879285
4116.954009 -20155.862028
4121.392415 -20155.861998
4125.837904 -20155.861997
4130.800637 -20155.861997
4135.494842 -20155.861997
