3744.131598 -20433.209186
3744.840484 -20378.930931
3746.615776 -20374.161964
3749.961824 -20372.658994
3753.911945 -20361.873860
3758.164659 -20361.567305
3762.637965 -20361.352881
3767.101484 -20361.258736
3771.586759 -20360.981025
3775.980326 -20360.947647
3780.380114 -20360.901766
3784.193704 -20360.901766
3789.312957 -20359.347110
3793.878455 -20359.347087
3799.022066 -20356.916658
3803.849799 -20356.600656
3808.250215 -20356.600634
3813.244003 -20356.600634
3818.856600 -20356.423091
3823.874574 -20356.423091
3829.212987 -20356.423091
3834.520306 -20356.423091
3839.400877 -20356.423091
