3576.322379 -20467.630999
3577.046181 -20414.161566
3578.805345 -20408.674305
3581.602803 -20398.883197
3585.659913 -20398.387159
3591.322878 -20376.479023
3597.252832 -20367.092593
3602.842634 -20366.051025
3608.347843 -20365.700678
3613.919793 -20365.613016
3619.665165 -20365.588855
3625.518866 -20364.350845
3629.630578 -20364.296152
3633.755862 -20364.296152
3638.404450 -20364.296152
3643.879818 -20364.296152
3649.481305 -20363.175642
3654.486770 -20363.175641
3659.319838 -20363.175641
3664.717071 -20363.175641
3670.182978 -20361.156619
3675.356326 -20360.787169
3679.827943 -20360.787136
3684.644738 -20360.787136
3690.141952 -20360.787136
3695.576060 -20360.787136
