5915.346783 -20225.798931
5916.103813 -20181.626223
5917.782521 -20180.469946
5920.708962 -20177.854012
5924.458197 -20177.466674
5929.115808 -20176.223887
5934.945630 -20161.344743
5941.417945 -20157.082069
5947.829657 -20156.505064
5954.182217 -20156.482168
5957.652891 -20156.482167
5962.387621 -20156.482167
5967.902343 -20156.482167
5974.154125 -20156.358266
5979.319726 -20156.210197
5983.740485 -20156.209804
5988.920472 -20155.827282
5993.036827 -20155.827282
5997.754322 -20155.827282
6003.460966 -20155.243294
6008.234174 -20155.243294
6013.675911 -20155.218626
6018.108996 -20155.218625
6022.905585 -20155.218625
6028.785828 -20152.174322
6033.670636 -20151.858243
6037.577837 -20151.858243
6042.176646 -20151.858243
6047.529272 -20151.858243
6052.976924 -20151.858243
