5488.863503 -20252.636757
5489.575202 -20177.682258
5491.850001 -20175.879157
5495.015624 -20169.902662
5498.444794 -20169.687132
5501.979458 -20169.682824
5506.644879 -20169.682824
5512.230880 -20169.584081
5517.220221 -20169.500538
5521.864112 -20169.500509
5527.257300 -20167.098476
5531.923674 -20167.098474
5537.160469 -20167.098474
5542.787238 -20165.468081
5547.936435 -20165.468051
5553.327727 -20165.468051
5558.703095 -20165.468051
5563.653635 -20163.185701
5568.963110 -20156.639038
5573.418958 -20156.637479
5578.544444 -20155.509816
5582.854497 -20155.509816
5587.757177 -20155.509816
5592.933854 -20155.509816
5597.721801 -20155.509816
