5226.664077 -20470.802140
5227.423276 -20393.340756
5229.299155 -20378.178206
5232.366934 -20377.850017
5236.665147 -20375.700208
5241.707218 -20365.935948
5247.767785 -20363.721849
5253.837147 -20363.700831
5260.015065 -20363.570507
5264.116369 -20363.550456
5268.264467 -20363.550455
5273.546760 -20363.550455
5279.446635 -20363.550455
5285.067832 -20360.915001
5290.550101 -20359.534682
5294.982560 -20359.534681
5300.630796 -20359.515027
5305.316741 -20359.515027
5310.658494 -20359.515027
5316.711244 -20359.321035
5322.008101 -20356.600129
5326.072427 -20356.600128
5331.589217 -20356.458790
5336.316496 -20356.385760
5340.508436 -20356.385758
5345.639479 -20356.385758
5351.298058 -20356.385758
5356.492724 -20356.385758
