3411.222886 -20226.255775
3411.913626 -20179.120413
3413.773150 -20170.897076
3417.282655 -20168.550429
3421.186014 -20163.089919
3425.299881 -20163.019633
3429.567960 -20162.989723
3433.960868 -20162.976349
3438.136617 -20162.976317
3442.779236 -20162.976313
3448.058048 -20162.490227
3452.920799 -20162.182644
3457.158095 -20162.182630
3461.930569 -20162.099323
3466.388472 -20161.824571
3470.432579 -20161.681877
3473.941322 -20161.681877
3478.384155 -20161.681877
3483.776203 -20159.721452
3488.727424 -20157.638463
3493.098244 -20157.638417
3497.963810 -20157.445732
3501.940953 -20157.445732
3506.564714 -20157.445732
3511.904978 -20157.445732
3516.956304 -20157.445732
