7625.524245 -20480.862950
7626.207345 -20427.897225
7627.895171 -20393.956717
7631.244957 -20392.610368
7635.401817 -20378.502247
7640.013519 -20374.821025
7644.373563 -20374.710317
7648.498597 -20374.670588
7652.978080 -20374.202430
7657.130825 -20374.202267
7662.051338 -20374.127941
7666.513078 -20374.127937
7671.232429 -20374.127937
7676.954077 -20368.420414
7682.150673 -20366.333241
7686.628145 -20366.333165
7691.862244 -20362.365634
7696.540947 -20362.365591
7701.525674 -20362.365591
7707.250502 -20357.771998
7712.376283 -20357.585720
7716.421657 -20357.585720
7721.589420 -20357.011673
7726.183241 -20357.011673
7731.056801 -20357.011673
7736.629139 -20356.394179
7741.518615 -20356.394178
7746.810621 -20356.394178
7752.068368 -20356.394178
7756.906340 -20356.394178
