1176.927609 -20456.527695
1177.632802 -20392.696845
1179.461483 -20381.018626
1183.021303 -20379.740241
1187.372546 -20361.499861
1192.066820 -20360.302749
1196.942975 -20360.044018
1201.628824 -20360.015816
1206.427607 -20359.967009
1210.640106 -20359.832601
1214.890442 -20357.088999
1218.905414 -20357.088996
1223.978187 -20357.088996
1230.015068 -20357.031253
1235.014532 -20357.031246
1240.432238 -20357.031246
1246.208039 -20357.031246
1251.842037 -20356.970870
1256.969233 -20356.886256
1261.013446 -20356.886256
1266.386809 -20356.288658
1270.711670 -20356.288658
1275.802139 -20356.288658
1281.372263 -20356.288658
1286.622197 -20356.288658
