2939.881627 -20242.616410
2940.575922 -20192.564221
2942.439059 -20181.857975
2946.233732 -20180.975613
2950.197492 -20162.972257
2954.831991 -20158.205872
2959.430962 -20157.814832
2964.059668 -20157.254821
2968.257787 -20157.254425
2973.427198 -20157.254402
2979.790486 -20156.840286
2984.825313 -20156.840279
2990.045739 -20156.840279
2996.054542 -20156.840279
3001.300413 -20153.751775
3006.442024 -20153.751750
3011.970941 -20153.600719
3016.748362 -20151.934107
3020.860562 -20151.934106
3025.735308 -20151.934106
3031.515286 -20151.934106
3037.147609 -20151.934106
