4666.976991 -20216.273595
4667.744679 -20168.098333
4670.113604 -20167.008072
4673.114811 -20163.062298
4676.313847 -20162.703167
4679.676859 -20162.635817
4684.111030 -20162.634256
4689.305590 -20160.364727
4694.059235 -20160.347811
4698.415899 -20160.347757
4703.466807 -20160.347734
4709.609113 -20155.821206
4714.787058 -20154.175619
4719.308486 -20154.173748
4724.518196 -20154.172624
4730.840100 -20153.866224
4735.435691 -20153.866224
4740.529066 -20153.866224
4746.670574 -20153.866224
4752.872690 -20153.491932
4757.948506 -20152.033111
4762.249981 -20152.033110
4767.179751 -20152.033110
4773.198091 -20152.033110
4778.997859 -20152.033110
