865.043824 -20447.021233
865.718569 -20390.190426
867.495611 -20379.016451
870.806835 -20378.321226
875.141099 -20365.835002
879.858503 -20364.716570
884.573803 -20362.038709
889.155261 -20361.688609
893.893622 -20361.417180
897.995958 -20361.417179
902.994974 -20361.417179
908.171647 -20361.417179
913.435388 -20359.867741
918.385071 -20359.867741
923.475884 -20359.867741
929.048977 -20359.830491
934.393280 -20357.627653
938.968565 -20357.627635
944.124853 -20357.627635
949.301399 -20357.627635
954.402997 -20357.627635
