4153.032889 -20449.490580
4153.805928 -20394.573697
4155.695015 -20391.255078
4159.066891 -20387.304083
4163.670313 -20385.333819
4168.868752 -20369.012573
4174.295216 -20365.717930
4179.768378 -20365.646097
4185.216706 -20365.634520
4190.778768 -20365.407206
4194.824549 -20365.407097
4199.483825 -20365.407094
4204.408988 -20365.407094
4209.358925 -20364.419529
4214.471558 -20364.209280
4218.564409 -20364.209280
4223.618257 -20363.923941
4228.200536 -20363.923938
4232.937327 -20363.923938
4238.322604 -20363.923938
4243.469975 -20363.923938
