5255.367077 -20265.559043
5256.083788 -20219.063350
5258.270498 -20184.374749
5262.360891 -20183.448178
5266.795186 -20161.545365
5271.797339 -20157.704952
5276.113238 -20153.212873
5280.663540 -20153.015784
5285.164486 -20152.770806
5289.383117 -20152.770793
5294.412854 -20152.770792
5299.961950 -20152.770792
5305.433685 -20150.930432
5310.517688 -20150.793609
5314.578616 -20150.793609
5319.849416 -20150.222741
5324.160473 -20150.222741
5329.166724 -20150.222741
5334.586683 -20150.222741
5339.518086 -20150.222741
