5135.450920 -20237.627559
5136.158540 -20180.540954
5137.948241 -20177.146584
5141.476550 -20175.732403
5145.396312 -20163.964194
5150.028611 -20158.512453
5154.593711 -20157.706002
5158.960377 -20157.690557
5163.400345 -20157.449203
5166.976138 -20157.449203
5172.090571 -20157.159975
5176.658602 -20157.116734
5180.809314 -20157.116727
5185.654667 -20157.116727
5191.580065 -20155.637317
5196.650666 -20154.048836
5201.060273 -20154.048823
5205.803847 -20154.048823
5210.878417 -20154.048823
5215.556980 -20152.278572
5220.450116 -20152.278557
5225.578593 -20152.278557
5230.642200 -20152.278557
5235.473663 -20151.823808
5239.831536 -20151.823808
5244.651785 -20151.823808
5249.727207 -20151.823808
5254.421105 -20151.823808
