4850.237253 -20225.764584
4850.938039 -20181.547106
4852.863251 -20171.938212
4856.188407 -20170.123639
4860.787665 -20169.502838
4866.184031 -20154.963566
4871.474551 -20153.993981
4876.925706 -20153.981629
4880.997813 -20153.981624
4885.858071 -20153.981624
4891.425608 -20153.981624
4896.946026 -20152.232054
4902.441285 -20151.550128
4907.123776 -20151.338674
4911.228845 -20151.338674
4916.085799 -20151.338674
4921.443434 -20151.338674
4926.611264 -20149.657650
4931.761918 -20149.639760
4936.095760 -20149.639759
4940.974121 -20149.639759
4946.309697 -20149.639759
4951.186416 -20149.639759
