7425.594940 -20236.736556
7426.299944 -20194.610696
7428.112411 -20180.395102
7431.322800 -20171.708104
7435.835663 -20171.000907
7440.998068 -20163.059044
7446.819600 -20162.616799
7452.689350 -20162.481446
7458.614138 -20162.104366
7462.516380 -20162.104332
7467.419055 -20162.104332
7474.064953 -20161.981785
7479.202797 -20160.884956
7483.263338 -20160.884955
7488.627758 -20158.285677
7493.414575 -20156.796459
7497.719549 -20156.796447
7503.152787 -20155.172858
7507.882073 -20154.612787
7512.195132 -20154.612779
7517.612650 -20154.346682
7522.385488 -20152.629073
7526.761065 -20152.629044
7531.924844 -20152.629043
7538.052619 -20152.629043
7544.081973 -20152.629043
