1.097824 -20466.920515
1.894588 -20419.888971
3.672348 -20402.181786
6.615309 -20395.978650
10.771398 -20395.011305
15.961572 -20375.045098
22.092758 -20373.159754
27.772086 -20373.143862
33.088137 -20373.130545
38.804872 -20372.722590
42.743961 -20372.665594
46.300052 -20372.665593
51.089614 -20372.665593
56.668625 -20372.665593
61.956820 -20359.673668
67.124206 -20359.373398
71.389048 -20359.373397
76.521949 -20359.251554
80.777187 -20359.251554
85.670947 -20359.251554
91.229441 -20359.251554
96.513502 -20359.251554
