2490.685300 -20220.679625
2491.390923 -20172.959683
2493.352179 -20164.780089
2497.147051 -20163.825153
2500.966882 -20159.877335
2505.408610 -20159.799933
2509.741773 -20159.774193
2514.265596 -20159.760013
2518.647563 -20159.747782
2522.292574 -20159.747782
2527.125718 -20159.747781
2532.973148 -20157.889517
2537.760411 -20157.889514
2542.704793 -20157.889514
2548.450086 -20157.009755
2553.373754 -20156.765907
2557.390865 -20156.765907
2562.116946 -20156.765907
2567.220675 -20156.765907
2572.142912 -20154.104197
2576.824183 -20154.104197
2581.919691 -20154.104197
2587.076587 -20154.104197
2592.010384 -20152.187479
2596.898086 -20152.187463
2601.998997 -20152.187463
2607.129016 -20152.187463
2611.892707 -20152.187463
