1438.929123 -20473.733314
1439.683708 -20411.682532
1441.441823 -20390.141386
1444.906370 -20388.968744
1448.726385 -20363.694206
1453.291668 -20362.375710
1457.767625 -20362.269202
1461.878319 -20362.255110
1466.251392 -20361.752653
1470.381692 -20361.752505
1475.017754 -20361.752502
1480.151939 -20361.752502
1485.126723 -20360.645531
1490.126123 -20360.450176
1494.148965 -20360.450176
1499.226886 -20360.198649
1503.687450 -20360.198647
1508.457903 -20360.198647
1513.768148 -20360.198647
1518.816043 -20360.198647
