2232.884040 -20458.837580
2233.636884 -20400.891891
2235.485919 -20391.189365
2238.660723 -20390.416462
2243.120861 -20389.207082
2248.392038 -20365.239167
2253.707581 -20364.361448
2258.997332 -20364.355777
2262.597739 -20364.355777
2267.179738 -20364.355777
2272.539715 -20364.355777
2278.095435 -20362.897924
2283.001350 -20362.897923
2287.983058 -20362.897923
2293.325389 -20362.897923
2298.851998 -20360.899021
2303.910707 -20360.564001
2308.152742 -20360.563997
2312.832220 -20360.563996
2318.281650 -20360.563996
2323.739494 -20360.563996
