7545.118945 -20238.445000
7545.800085 -20191.789017
7547.560639 -20173.223455
7550.619348 -20170.967758
7554.568203 -20166.437504
7559.448948 -20165.805409
7565.405320 -20154.836734
7571.957674 -20154.398257
7578.412632 -20154.319175
7584.753166 -20154.248116
7591.432137 -20154.241915
7595.159005 -20154.241913
7599.989003 -20154.241913
7606.031525 -20154.241912
7611.721473 -20152.262311
7616.753632 -20152.262292
7622.259828 -20152.233053
7626.884232 -20152.233040
7631.982891 -20152.233040
7637.895424 -20152.233039
7643.163775 -20152.233039
