5833.026898 -20457.112362
5833.751021 -20390.957049
5835.728307 -20382.320915
5839.604282 -20382.051119
5843.854032 -20369.471896
5848.549911 -20368.648679
5853.349441 -20366.374837
5857.964574 -20365.992011
5862.557605 -20365.738153
5867.083074 -20362.703269
5871.567678 -20362.662395
5876.079766 -20362.474942
5879.687010 -20362.474941
5884.498663 -20362.474940
5890.136428 -20359.991613
5895.330609 -20358.271659
5899.735059 -20358.271649
5904.672779 -20358.271649
5909.807259 -20358.271649
5914.978315 -20358.001678
5920.079970 -20357.913593
5924.057194 -20357.913593
5929.246301 -20357.342741
5933.473794 -20357.342741
5938.396935 -20357.342741
5943.347281 -20357.342741
5948.173768 -20357.342741
