5682.865280 -20498.326505
5683.540776 -20411.562365
5685.567835 -20410.229951
5688.805511 -20380.508189
5692.316860 -20373.641044
5695.735831 -20373.614977
5699.015828 -20373.389913
5702.335854 -20373.136564
5706.777222 -20373.136561
5712.372374 -20372.561740
5717.124285 -20372.542661
5721.192757 -20372.542660
5726.616766 -20370.297298
5731.375915 -20364.786689
5735.616008 -20364.752492
5739.364518 -20364.752492
5744.752377 -20363.336628
5749.238258 -20363.336558
5754.683637 -20361.451452
5759.341434 -20361.103451
5763.704357 -20361.103440
5769.121138 -20361.024728
5773.708347 -20361.024728
5778.888517 -20361.024728
5785.008828 -20359.011341
5790.101561 -20359.011205
5795.496913 -20359.011203
5800.996944 -20359.011203
5806.453550 -20355.798792
5811.638646 -20355.782430
5815.976364 -20355.782430
5821.071384 -20355.782430
5826.736581 -20355.782430
5831.956256 -20355.782430
