1714.217757 -20253.891376
1714.923292 -20186.681632
1716.829585 -20175.810854
1719.781478 -20168.026956
1724.034825 -20166.825189
1729.572956 -20155.633828
1735.105366 -20155.354583
1740.843452 -20155.202456
1744.930635 -20155.202367
1750.215328 -20155.130990
1755.097225 -20154.391998
1759.403216 -20154.221840
1763.584322 -20154.214660
1768.241943 -20154.214660
1773.515584 -20154.214660
1778.860811 -20152.595942
1783.853452 -20152.369736
1787.819175 -20152.369736
1792.802659 -20152.369736
1798.568199 -20152.369736
1804.119378 -20152.369736
