6414.217998 -20250.309078
6414.900173 -20182.947449
6416.657106 -20181.383754
6419.872989 -20177.018609
6424.051987 -20175.959534
6428.960969 -20174.714603
6434.392152 -20160.355184
6441.645518 -20156.847376
6448.237568 -20156.146558
6455.037028 -20156.059318
6461.766863 -20155.963445
6468.599108 -20155.881296
6474.789007 -20153.752235
6481.312088 -20153.134989
6487.780599 -20153.133738
6491.257989 -20153.133738
6496.390881 -20153.042166
6501.127196 -20151.428650
6504.980783 -20151.428650
6509.778324 -20151.428650
6515.440134 -20151.428650
6521.267617 -20151.428650
