7894.257212 -20493.581328
7894.958374 -20407.246117
7896.677877 -20390.973717
7899.517914 -20381.192202
7903.839110 -20379.755292
7909.015533 -20364.188577
7914.898430 -20357.366284
7920.902889 -20357.132180
7927.036708 -20357.042017
7933.239888 -20356.991905
7939.570595 -20356.888118
7943.687103 -20356.866722
7948.118276 -20356.837972
7952.435113 -20356.772599
7956.291432 -20356.772599
7961.444474 -20356.772599
7966.896799 -20356.772599
7972.122063 -20356.716868
7977.376344 -20356.614885
7981.417867 -20356.614885
7986.897982 -20356.028750
7991.117047 -20356.028750
7996.309160 -20356.028750
8001.685459 -20356.028750
8006.755280 -20355.993805
8011.444610 -20355.993805
8016.718437 -20355.993805
8022.122632 -20355.993804
8026.935137 -20355.993804
