3885.557952 -20213.214095
3886.227274 -20176.253029
3888.017313 -20172.816731
3891.057871 -20172.097921
3895.394323 -20169.933179
3900.264944 -20153.531494
3905.789190 -20152.830645
3911.264712 -20152.803329
3916.783067 -20152.756522
3920.643678 -20152.756521
3925.544164 -20152.756520
3931.050572 -20152.756520
3936.458645 -20150.913938
3941.536960 -20150.788233
3945.676056 -20150.788233
3951.019980 -20150.216886
3955.381615 -20150.216886
3960.427487 -20150.216886
3965.883307 -20150.216886
3970.849866 -20150.216886
