7068.458613 -20472.877059
7069.148546 -20404.233896
7071.351653 -20402.963143
7074.626970 -20384.229182
7078.035295 -20379.903549
7081.387124 -20379.080928
7084.678223 -20378.836771
7087.880625 -20378.743956
7091.136093 -20378.682800
7094.567877 -20378.413343
7099.117398 -20378.412710
7104.056816 -20375.153306
7109.093744 -20371.781381
7113.678310 -20371.000072
7118.066997 -20371.000057
7123.437220 -20370.431879
7127.939698 -20370.431876
7132.981563 -20369.809820
7137.603367 -20369.809801
7142.327162 -20369.809801
7147.477440 -20369.587934
7152.490014 -20368.522681
7156.756538 -20368.522676
7161.828706 -20368.386270
7166.461891 -20368.386256
7171.302277 -20368.386256
7176.300150 -20368.386256
7181.645822 -20359.069300
7187.014793 -20356.841485
7191.554446 -20356.318020
7195.386047 -20356.318020
7200.439888 -20356.318020
7206.300197 -20356.229086
7211.332939 -20356.229081
7216.675485 -20356.229081
7222.131024 -20356.229081
7227.278431 -20356.229081
