5590.021669 -20454.611847
5590.722641 -20402.486343
5592.470214 -20391.675881
5595.345255 -20389.303935
5599.467629 -20387.283965
5604.909136 -20366.428191
5610.257629 -20361.060717
5615.471938 -20360.437558
5620.748677 -20360.360466
5626.473865 -20360.257745
5630.517102 -20360.144792
5634.625891 -20360.144790
5639.920660 -20360.089478
5644.621428 -20360.089477
5649.721190 -20360.089477
5655.266641 -20360.089477
5660.715595 -20359.972927
5665.891574 -20359.972927
5671.321367 -20359.972927
5676.844252 -20359.972927
5681.977381 -20359.972927
