2731.709389 -20446.332883
2732.421053 -20379.658025
2734.325886 -20373.068923
2737.489134 -20372.064268
2741.966423 -20370.955073
2747.729079 -20362.228714
2753.130966 -20359.642650
2758.537964 -20359.592936
2764.030206 -20359.575874
2769.598234 -20359.393227
2773.652139 -20359.393190
2778.833747 -20357.861112
2783.498593 -20357.842982
2787.777060 -20357.842979
2793.042959 -20355.449757
2797.888529 -20355.174369
2802.306739 -20355.174335
2807.489137 -20355.174335
2813.071266 -20355.174335
2818.271862 -20355.174335
