2122.198705 -20452.207412
2122.865430 -20392.563130
2124.494545 -20384.839749
2127.062594 -20380.659906
2130.850711 -20380.315990
2135.937484 -20366.607437
2141.790256 -20362.721959
2147.567196 -20362.445268
2153.165905 -20362.356016
2158.957249 -20361.998393
2162.894451 -20361.998374
2167.917659 -20361.998374
2174.235570 -20360.099282
2179.312236 -20358.335488
2183.690420 -20358.335480
2188.644082 -20358.335480
2193.821526 -20358.335480
2198.877004 -20358.042661
2204.006099 -20357.948171
2207.985499 -20357.948171
2213.127654 -20357.372620
2217.329331 -20357.372620
2222.209789 -20357.372620
2227.111252 -20357.372620
2231.893477 -20357.372620
