4322.817978 -20230.984355
4323.500906 -20191.506318
4325.368457 -20175.233861
4329.051025 -20174.294308
4332.759699 -20164.610674
4337.187183 -20160.535826
4341.542704 -20160.069794
4345.282494 -20160.056871
4348.979414 -20160.056871
4353.633550 -20160.056871
4359.200512 -20159.852521
4364.132288 -20156.218348
4367.907519 -20156.218348
4372.412344 -20156.218347
4377.427062 -20156.218347
4382.402696 -20155.755434
4387.589791 -20153.690449
4391.561031 -20153.690449
4396.280351 -20153.690449
4401.521736 -20153.690449
4406.286470 -20151.050553
4411.203696 -20149.259017
4415.270298 -20149.259017
4419.990499 -20149.259017
4425.495979 -20149.259017
4430.300715 -20149.259017
