6154.839935 -20244.779694
6155.643931 -20195.996719
6157.825630 -20189.177462
6161.650896 -20187.713309
6165.671011 -20169.344483
6170.707020 -20167.784794
6175.792099 -20167.408527
6180.675888 -20167.295187
6185.661171 -20167.169061
6190.063180 -20167.169056
6195.343898 -20167.169055
6200.658504 -20167.169055
6205.295423 -20161.867816
6210.571348 -20161.867760
6216.099138 -20160.385334
6221.144169 -20158.972148
6225.536004 -20158.972142
6230.472222 -20158.972142
6235.699134 -20156.678804
6240.821781 -20156.678784
6245.966270 -20156.678784
6251.022892 -20156.678783
6255.333794 -20156.678783
