1333.441641 -20258.292330
1334.181363 -20201.883110
1336.083294 -20186.860035
1339.255147 -20180.532914
1343.654385 -20178.158842
1348.433120 -20159.363963
1353.803279 -20155.475126
1358.890306 -20155.427399
1362.741033 -20155.427395
1367.230173 -20155.427395
1372.260089 -20155.427395
1377.087784 -20153.118871
1382.185458 -20152.828823
1386.166020 -20152.828822
1390.659834 -20152.828822
1396.022331 -20152.749276
1401.018525 -20152.636894
1404.891780 -20152.636894
1409.597407 -20152.191767
1413.812236 -20152.191766
1418.294878 -20152.191766
1423.319755 -20152.191766
1428.291601 -20150.555671
1432.959491 -20150.353075
1436.882910 -20150.353075
1441.541512 -20150.353075
1446.693721 -20150.353075
1451.360966 -20150.353075
