5431.397004 -20446.519079
5432.116137 -20405.873848
5433.986755 -20384.704999
5437.553932 -20383.551450
5441.618427 -20365.803002
5446.273259 -20364.258924
5450.812868 -20363.996653
5455.170265 -20363.953831
5459.670951 -20363.951839
5463.297500 -20363.951839
5468.158280 -20363.951839
5473.850954 -20363.951839
5479.497333 -20363.281595
5484.457321 -20363.281547
5489.300596 -20363.281547
5494.873340 -20362.815058
5500.032848 -20360.412197
5504.524312 -20360.355626
5508.344344 -20360.355626
5513.643698 -20360.262231
5518.206616 -20360.262226
5523.403819 -20360.262226
5529.208749 -20360.262226
5534.578412 -20360.262226
