5003.999382 -20459.882690
5004.771773 -20415.917472
5006.620625 -20386.771461
5010.077854 -20384.472549
5014.841015 -20383.607718
5021.068536 -20370.844584
5026.946791 -20363.287416
5032.879674 -20363.250660
5038.852369 -20363.223446
5044.511545 -20363.208705
5050.062835 -20363.194162
5055.965962 -20363.083653
5059.884224 -20363.083653
5065.488917 -20363.066142
5069.888824 -20363.066142
5075.365697 -20363.066142
5081.437548 -20363.008924
5086.618488 -20362.869767
5090.667522 -20362.869767
5095.921550 -20362.869767
5101.488285 -20362.869767
5106.471472 -20362.869767
