6804.552651 -20238.196332
6805.231910 -20200.262957
6806.886599 -20184.419043
6809.605458 -20180.565113
6813.422881 -20179.297443
6817.776190 -20178.918562
6818.191961 -20178.554525
6824.395974 -20160.879539
6831.504667 -20159.985671
6838.244979 -20159.961097
6845.130539 -20159.915181
6849.157400 -20159.914970
6854.086068 -20159.914853
6859.851718 -20159.914786
6865.369087 -20158.095706
6870.551478 -20158.095508
6875.816797 -20158.095393
6881.379259 -20158.001499
6886.199120 -20158.001499
6891.181266 -20158.001499
6896.490873 -20158.001499
6901.696497 -20158.001499
