3053.896824 -20446.271219
3054.591019 -20389.052072
3056.339946 -20389.017116
3059.414355 -20384.802422
3063.826394 -20383.644869
3069.268710 -20366.764932
3075.434766 -20363.984101
3081.704600 -20363.617744
3087.871633 -20363.523736
3093.818652 -20363.468407
3099.973628 -20363.302093
3104.047306 -20363.261421
3108.342328 -20363.261043
3113.403311 -20363.261031
3119.995453 -20363.225645
3125.116389 -20363.225642
3130.585771 -20363.225642
3137.044358 -20363.197292
3142.038590 -20363.197288
3147.349687 -20363.197288
3153.479840 -20363.197288
3159.395247 -20363.197288
