1872.819227 -20249.777067
1873.604055 -20194.949460
1875.540836 -20187.622889
1878.996022 -20187.245846
1883.645974 -20185.569848
1888.682706 -20168.436519
1894.845792 -20164.104782
1900.623932 -20163.857010
1904.410341 -20163.857006
1909.048565 -20163.857006
1915.006107 -20163.303343
1920.192356 -20162.144012
1924.626488 -20162.140584
1929.742049 -20162.140348
1935.958435 -20158.467591
1940.950332 -20158.467483
1946.182105 -20158.467479
1952.238492 -20158.467479
1958.191358 -20157.749616
1963.230136 -20156.612563
1967.403524 -20156.612561
1972.205804 -20156.612561
1978.668845 -20151.530161
1983.625960 -20151.218639
1987.998031 -20150.372136
1991.732421 -20150.372136
1996.569404 -20150.372136
2002.636033 -20150.372136
2008.337038 -20150.372136
