4694.474916 -20470.842738
4695.182503 -20396.008321
4697.080995 -20385.610598
4700.682863 -20384.527970
4704.575811 -20366.148468
4709.663220 -20362.346032
4714.511317 -20362.064856
4719.220384 -20362.022868
4724.011659 -20361.837073
4728.295853 -20361.749052
4732.488772 -20361.749052
4737.753587 -20361.749052
4743.405308 -20361.749052
4748.678692 -20361.215830
4754.271732 -20359.881292
4759.089578 -20359.788150
4763.481942 -20359.788147
4768.775574 -20359.788147
4775.013264 -20359.692004
4780.224708 -20359.581587
4784.541044 -20359.552120
4788.511607 -20359.552120
4794.165415 -20359.292340
4798.393848 -20359.292340
4804.069228 -20359.246058
4808.835166 -20359.246057
4814.339830 -20359.246057
4820.138298 -20359.246057
4825.396827 -20359.246057
