3302.951511 -20224.609422
3303.638494 -20180.697724
3305.302056 -20172.817893
3308.522131 -20171.837417
3312.496354 -20163.703651
3317.207865 -20159.108335
3321.769516 -20159.096918
3326.456621 -20158.775946
3330.531593 -20158.775922
3335.439342 -20158.775922
3341.490067 -20156.539245
3346.318355 -20156.539241
3351.593389 -20155.083331
3355.782036 -20155.083331
3360.590636 -20155.083331
3366.398944 -20154.402158
3371.347093 -20154.135494
3375.416954 -20154.135494
3380.155843 -20154.135494
3385.315112 -20154.135494
3390.309775 -20152.208685
3395.202240 -20152.208669
3400.357391 -20152.208669
3405.500235 -20152.208669
3410.304215 -20152.208669
