1351.346401 -20432.814396
1352.046966 -20386.141166
1353.844506 -20382.773436
1357.417055 -20382.366513
1361.423212 -20369.524957
1365.851413 -20365.943785
1370.411118 -20364.327890
1375.001295 -20364.278493
1379.579584 -20364.260232
1384.350626 -20364.145343
1387.922368 -20364.145343
1393.093247 -20364.103112
1397.874542 -20364.050157
1402.267118 -20364.049800
1407.453312 -20364.049785
1413.348176 -20359.214973
1418.473967 -20356.395861
1422.957570 -20356.395841
1427.849832 -20356.395841
1433.135776 -20356.395841
1437.984572 -20356.395841
