43669.142901 -24097.280608
43672.475562 -24048.983493
43681.709177 -24044.018448
43696.767398 -24034.563497
43718.094164 -24033.258642
43742.638327 -24019.610971
43770.909713 -24019.250249
43799.388596 -24019.166073
43828.692847 -24017.477654
43858.373202 -24017.428878
43890.225798 -24017.358090
43909.923119 -24017.357510
43934.763571 -24017.357379
43966.246626 -24017.357349
43988.111518 -24017.210293
44013.096715 -24017.210217
44039.678570 -24017.190074
44062.836954 -24017.190070
44087.958862 -24017.190069
44119.910385 -24017.190069
44140.430347 -24017.190069
