23818.879322 -24092.920109
23822.483085 -24047.465459
23831.689959 -24039.225204
23847.338946 -24038.146696
23867.020006 -24034.396761
23888.342810 -24033.580733
23890.380524 -24032.781632
23923.828366 -24026.416958
23959.373915 -24021.959109
23991.645357 -24020.332016
24027.567944 -24020.037369
24062.700589 -24019.684077
24097.773026 -24017.808290
24132.373666 -24017.731427
24167.143853 -24017.725793
24186.262543 -24017.725178
24211.383637 -24017.670980
24234.206841 -24017.644473
24255.924769 -24017.586572
24277.292640 -24017.581971
24302.044639 -24017.580611
24331.482806 -24017.580200
24355.560627 -24017.580200
