38706.295783 -24097.973147
38709.895462 -24053.694135
38718.914450 -24028.875169
38735.013480 -24027.644606
38758.337744 -24021.623772
38781.092821 -24020.152500
38805.674823 -24019.827403
38831.918355 -24019.661326
38857.579337 -24019.659130
38877.594822 -24019.658675
38904.032745 -24019.658673
38932.966822 -24019.607219
38957.081357 -24019.607189
38984.644698 -24019.607183
39013.037510 -24019.607182
39035.639390 -24019.402233
39060.845641 -24019.345381
39084.206715 -24019.345378
39111.308852 -24019.243059
39135.165778 -24019.243056
39162.870679 -24019.243055
39192.143321 -24019.243055
39213.768749 -24019.243055
