44487.706186 -24130.167819
44491.279126 -24076.707228
44500.374848 -24070.674192
44516.084863 -24042.530151
44537.380748 -24041.588377
44566.141175 -24034.146235
44594.765564 -24031.924820
44623.115347 -24031.689643
44651.599629 -24031.688672
44670.973534 -24031.688363
44694.397831 -24031.453504
44717.386600 -24031.165424
44738.920167 -24031.147995
44762.356352 -24031.138909
44789.106775 -24031.133366
44812.502993 -24027.614471
44836.142772 -24025.444083
44857.636213 -24025.043332
44878.227819 -24025.043174
44900.733645 -24025.043071
44927.788305 -24025.042979
44951.628107 -24023.686804
44974.585635 -24023.587399
44995.286840 -24023.585938
45017.640465 -24023.585356
45045.083353 -24023.585119
45066.741026 -24023.585119
