27897.124189 -24127.822181
27900.562549 -24075.613998
27909.581162 -24046.832133
27927.562325 -24045.678243
27949.277314 -24028.890293
27970.053998 -24026.497503
27991.838820 -24025.980848
28014.047922 -24025.899872
28034.647567 -24025.898683
28056.893031 -24025.898051
28083.233995 -24025.897518
28105.238057 -24022.333055
28129.040713 -24019.461035
28150.931927 -24019.138290
28172.309477 -24019.137908
28195.582529 -24019.137704
28222.062796 -24017.777965
28246.032221 -24017.278430
28267.819703 -24017.278387
28290.812677 -24017.278377
28319.228049 -24017.278374
28343.971550 -24017.278374
