33268.447510 -24126.039713
33271.966464 -24062.078938
33281.005403 -24048.890160
33297.461670 -24047.243962
33318.107222 -24044.356594
33339.704601 -24043.162139
33341.765474 -24041.438660
33372.087977 -24023.590532
33403.155199 -24020.423144
33435.501346 -24020.347713
33466.591610 -24020.258969
33499.731355 -24020.047508
33533.760494 -24019.994304
33569.029077 -24019.806289
33587.959120 -24019.805825
33611.719878 -24019.780256
33634.146042 -24019.780240
33658.838597 -24019.780237
33686.892248 -24019.780236
33711.036324 -24018.668235
33734.980507 -24018.477981
33756.386713 -24018.406554
33776.804850 -24018.406522
33800.575678 -24018.406497
33828.429139 -24018.406475
33849.716267 -24018.406475
