29773.505927 -24090.598434
29777.269664 -24050.193446
29789.747517 -24049.411718
29807.569888 -24037.554510
29825.434524 -24036.614025
29843.791304 -24034.475508
29861.844943 -24034.366243
29880.331622 -24034.360027
29903.256615 -24034.359992
29932.277190 -24022.220022
29955.529251 -24021.379555
29977.894697 -24020.802449
29999.545789 -24020.598455
30020.181377 -24020.465422
30040.851677 -24020.431731
30061.504730 -24020.427138
30086.836777 -24020.424723
30113.329587 -24020.397807
30136.527283 -24020.391860
30162.572805 -24020.367814
30184.689414 -24020.365132
30210.216171 -24020.362466
30236.505548 -24020.359843
30258.943471 -24020.359843
