30978.881745 -24114.106804
30982.455205 -24057.840583
30991.657521 -24050.903982
31007.587122 -24041.724941
31029.547291 -24040.627559
31054.140427 -24029.926191
31081.046330 -24029.330695
31107.874441 -24026.674299
31136.431470 -24026.233059
31163.809219 -24026.185900
31191.104536 -24026.053283
31217.697794 -24025.994262
31245.327049 -24025.267046
31273.601919 -24025.188528
31302.715502 -24025.105936
31322.128546 -24024.756949
31342.398759 -24024.756591
31366.698379 -24024.756302
31393.555474 -24024.756015
31415.804210 -24020.293125
31440.376415 -24018.759786
31462.564101 -24018.759382
31486.916217 -24018.759003
31513.038308 -24018.758628
31535.035277 -24017.482260
31559.245976 -24017.410524
31581.224758 -24017.410514
31604.684840 -24017.410513
31629.825977 -24017.410513
31651.166257 -24017.410513
