41635.090102 -24105.246638
41638.795770 -24057.141590
41648.145655 -24046.970422
41664.013844 -24045.585258
41686.197062 -24033.505576
41706.905948 -24032.429161
41731.387841 -24031.604766
41754.525712 -24031.505024
41777.345695 -24031.451379
41800.277702 -24031.427630
41820.027527 -24031.427170
41843.696526 -24031.427151
41872.722516 -24028.090198
41896.820269 -24027.414962
41918.547174 -24027.324322
41939.896971 -24027.324178
41965.586014 -24027.324164
41994.163307 -24027.324162
42020.846564 -24024.171358
42045.042562 -24023.194012
42066.797315 -24023.193301
42092.123018 -24023.123375
42114.713896 -24023.123323
42140.570588 -24023.123306
42171.297352 -24023.123300
42195.441213 -24023.123300
