47487.469932 -24127.349175
47491.003533 -24046.163617
47499.913863 -24042.231419
47515.274558 -24041.216900
47536.788369 -24040.037743
47565.927506 -24029.073164
47593.398242 -24022.060390
47621.811311 -24021.223176
47650.193695 -24020.939162
47679.969182 -24020.727410
47709.646572 -24020.658071
47739.561995 -24020.649472
47759.203686 -24020.647485
47783.973405 -24020.585455
47806.657049 -24020.500734
47828.236639 -24020.499559
47853.305331 -24019.457505
47876.325411 -24019.415781
47898.378983 -24019.408002
47923.737638 -24018.422539
47946.243650 -24017.963550
47967.136834 -24017.960011
47990.549661 -24017.904086
48012.842338 -24017.903221
48036.908528 -24017.902784
48062.311924 -24017.902564
48082.832391 -24017.902564
