7556.043459 -24113.064415
7559.689316 -24045.844383
7568.953036 -24044.231530
7584.514218 -24040.938686
7605.898146 -24040.122966
7633.821704 -24030.888857
7660.962379 -24026.961467
7688.639941 -24025.277683
7714.824820 -24025.192584
7741.473388 -24025.121275
7768.123462 -24025.090203
7787.450373 -24025.089777
7810.463305 -24025.089695
7836.743075 -24025.089679
7858.638903 -24021.188676
7883.050574 -24018.968355
7904.839632 -24018.966597
7927.607749 -24018.965819
7953.099135 -24017.850890
7977.204243 -24017.409477
7998.738516 -24017.409323
8020.863847 -24017.409279
8047.580163 -24017.409263
8068.680860 -24017.409263
