39599.455747 -24121.149023
39602.852042 -24065.810059
39611.374409 -24042.192189
39629.241743 -24041.250486
39648.758421 -24033.582658
39669.042121 -24031.485111
39689.759854 -24031.408814
39710.399176 -24031.237912
39731.248478 -24031.191623
39751.040555 -24031.190849
39773.408283 -24031.190615
39800.077498 -24029.537909
39823.824775 -24027.998614
39845.395151 -24027.977774
39866.082985 -24027.977651
39889.026725 -24027.977638
39915.367644 -24026.398977
39939.172206 -24024.940260
39960.636760 -24024.778444
39981.205725 -24024.778431
40003.754347 -24024.778428
40030.369890 -24024.778427
40053.071220 -24022.951592
40076.765886 -24022.831405
40098.463455 -24022.831267
40122.058001 -24019.922438
40144.831325 -24019.834203
40165.796986 -24019.834078
40189.146615 -24019.834043
40217.553099 -24018.052169
40241.170230 -24017.960131
40262.880440 -24017.929581
40284.018400 -24017.929476
40307.841457 -24017.929472
40335.992302 -24017.929472
40356.137634 -24017.929472
