40798.095564 -24167.150634
40801.479445 -24057.028241
40809.819085 -24049.699422
40826.766295 -24047.905702
40849.237808 -24035.491121
40871.784057 -24030.897434
40895.356015 -24030.610960
40919.511187 -24030.166600
40943.711529 -24030.133451
40968.506998 -24029.367272
40993.458052 -24028.490563
41019.549587 -24028.392432
41045.148307 -24028.372988
41071.132577 -24028.240255
41092.171249 -24028.239818
41118.290734 -24028.239472
41146.907112 -24028.239174
41170.733722 -24021.809049
41194.933025 -24019.327539
41216.496275 -24018.987136
41237.333869 -24018.984128
41261.058020 -24018.982433
41287.292497 -24018.981083
41309.847881 -24017.357056
41333.362856 -24017.255291
41354.733605 -24017.255250
41378.920009 -24017.255243
41406.874873 -24017.255240
41430.044050 -24017.207472
41452.936997 -24017.207416
41478.107811 -24017.207394
41506.877340 -24017.207383
41531.598056 -24017.164233
41554.324460 -24017.164058
41579.569498 -24017.163984
41607.833130 -24017.163949
41630.870303 -24017.163949
