32688.291017 -24104.227363
32691.829548 -24056.768342
32700.908849 -24038.930763
32716.045002 -24029.318076
32737.195579 -24028.482718
32762.863991 -24021.443204
32794.072223 -24021.208199
32825.165989 -24021.061860
32856.484635 -24020.727170
32875.973670 -24020.726645
32900.795929 -24020.726554
32932.323550 -24020.726535
32959.022935 -24020.229802
32984.120397 -24018.847073
33006.823382 -24018.479662
33028.562364 -24018.409710
33049.814294 -24018.409605
33075.047031 -24018.409557
33106.342846 -24018.409534
33133.653651 -24018.320045
33158.054696 -24018.288339
33180.220343 -24018.288023
33205.643806 -24018.287958
33238.118110 -24018.287937
33264.044643 -24018.287937
