9342.927431 -24105.620598
9346.446143 -24064.889132
9355.569318 -24050.506710
9372.155396 -24047.384856
9392.664375 -24046.705215
9414.606941 -24045.962251
9416.656389 -24045.101952
9452.692539 -24026.452420
9488.943608 -24021.998260
9528.550610 -24020.993355
9562.534385 -24020.835407
9596.343964 -24019.434385
9629.254415 -24019.358694
9661.299063 -24019.290360
9695.761387 -24019.253429
9714.678099 -24019.187709
9734.920023 -24019.187670
9758.689605 -24019.187656
9787.204867 -24019.187650
9814.144655 -24019.118168
9838.557204 -24019.113187
9864.350472 -24019.112086
9894.126329 -24019.111748
9919.874176 -24019.111748
