48421.849077 -24124.270993
48425.510016 -24060.167568
48435.581773 -24041.330944
48451.894055 -24039.965932
48474.229373 -24038.192125
48501.205282 -24025.284026
48528.105070 -24024.074808
48554.819107 -24023.773910
48583.200857 -24023.715070
48611.947350 -24023.597873
48631.023902 -24023.597074
48653.745746 -24023.596837
48684.482293 -24022.706677
48707.965975 -24022.706043
48733.029706 -24017.658314
48756.167612 -24017.658239
48780.580064 -24017.465129
48803.749002 -24017.465082
48827.549215 -24017.374585
48850.533692 -24017.374498
48873.956174 -24017.374482
48901.953331 -24017.374478
48926.304685 -24017.237309
48949.639977 -24017.237170
48973.739703 -24017.237119
49002.416433 -24017.237100
49026.357041 -24017.237100
