22602.555413 -24103.800946
22606.092924 -24050.154642
22615.940307 -24044.957873
22634.554251 -24043.972463
22656.756861 -24022.962560
22678.082020 -24018.518990
22701.194138 -24018.087555
22724.899312 -24017.968165
22748.702846 -24017.825357
22773.075505 -24017.801707
22796.673900 -24017.685407
22820.577725 -24017.626418
22844.548118 -24017.511704
22868.811562 -24017.415122
22888.990311 -24017.415057
22912.887651 -24017.415019
22941.178606 -24017.387674
22964.635130 -24017.387635
22989.747375 -24017.387602
23018.475909 -24017.387570
23043.624467 -24017.350379
23067.511615 -24017.350327
23093.277821 -24017.350278
23121.914868 -24017.350230
23145.879667 -24017.350230
