13775.662049 -24137.821394
13779.320075 -24055.181342
13788.940836 -24040.651158
13804.255188 -24037.748693
13825.614866 -24036.465477
13851.704416 -24027.304493
13878.798657 -24022.243195
13907.087663 -24021.694945
13934.804439 -24020.123723
13961.491518 -24019.802757
13988.588525 -24019.763629
14016.395430 -24019.758758
14036.233714 -24019.758204
14059.746687 -24019.758030
14088.025268 -24019.757973
14111.371846 -24019.675431
14135.552698 -24018.277092
14157.312693 -24018.276834
14180.902399 -24018.234401
14203.739036 -24018.234349
14227.628417 -24018.234337
14253.668878 -24018.234337
14276.871478 -24016.946759
14300.604124 -24016.859372
14322.426347 -24016.859355
14346.357630 -24016.804333
14369.305901 -24016.785450
14390.409062 -24016.785449
14412.616362 -24016.785449
14441.239181 -24016.768695
14464.783254 -24016.746080
14486.042104 -24016.745978
14509.264763 -24016.733255
14531.656029 -24016.733218
14554.637652 -24016.733214
14581.496207 -24016.733214
14605.637771 -24016.733214
