40360.537110 -24207.549202
40364.020329 -24063.964219
40372.741459 -24047.613750
40386.399532 -24043.698581
40405.318671 -24042.458672
40431.041238 -24028.012776
40456.072201 -24023.522154
40481.908382 -24023.499320
40507.448468 -24023.471491
40534.873480 -24023.391490
40560.047234 -24023.259564
40585.525187 -24022.840851
40612.569712 -24019.378833
40640.591320 -24016.930224
40669.521937 -24016.807868
40699.454126 -24016.673419
40719.493760 -24016.673366
40742.749764 -24016.673361
40771.858122 -24016.673360
40794.418077 -24016.673360
