4.410559 -24112.839345
8.146770 -24046.492789
19.639410 -24045.693488
35.248811 -24033.147028
51.316868 -24030.787151
66.720176 -24030.435823
81.998220 -24030.347470
97.268440 -24030.305901
112.999317 -24030.297913
134.192821 -24030.293547
158.577975 -24028.472750
180.769512 -24027.639833
201.891862 -24027.582949
222.395296 -24027.553495
242.611482 -24027.550417
266.589977 -24027.550357
294.425425 -24026.816858
317.754017 -24026.632234
338.742984 -24026.554775
359.029368 -24026.554747
382.973202 -24026.554740
411.280950 -24026.554737
433.455494 -24026.554737
