36672.149248 -24108.643388
36675.489454 -24057.964783
36684.843569 -24044.673378
36701.525068 -24044.610497
36723.905116 -24043.580061
36751.031515 -24030.540584
36777.715397 -24026.358361
36805.523892 -24026.212921
36833.560163 -24023.595970
36865.429102 -24023.538296
36885.568177 -24023.517582
36906.630693 -24023.516365
36931.438027 -24023.515768
36961.314844 -24023.515467
36983.809342 -24020.529814
37008.218595 -24019.146039
37030.336118 -24018.727129
37051.676231 -24018.680893
37072.698897 -24018.581983
37093.478993 -24018.377762
37114.570052 -24018.338687
37135.520498 -24018.338530
37159.106307 -24018.287880
37182.166727 -24018.287833
37206.749620 -24018.287818
37235.149542 -24017.365302
37259.273036 -24016.902310
37280.902272 -24016.902283
37304.667925 -24016.888723
37327.739625 -24016.888720
37352.302684 -24016.888719
37381.045039 -24016.870609
37404.651195 -24016.859662
37425.897923 -24016.859656
37449.176602 -24016.838532
37471.662043 -24016.838491
37495.219967 -24016.838481
37523.440092 -24016.838476
37546.593300 -24016.838476
