16652.504690 -24109.083409
16656.049930 -24055.291613
16665.324965 -24038.755316
16682.561403 -24037.548644
16702.075190 -24027.690389
16724.555186 -24027.137402
16748.072569 -24026.130655
16772.504384 -24025.615491
16795.485508 -24025.309340
16819.638808 -24025.307318
16840.163027 -24025.306132
16865.140233 -24025.305094
16894.935154 -24025.304162
16919.215881 -24024.706617
16944.533627 -24023.126700
16967.251933 -24023.108837
16992.637378 -24023.108810
17022.696934 -24023.108809
17046.978276 -24019.877203
17071.603281 -24018.497709
17093.526512 -24018.497706
17116.724603 -24018.497706
17146.531706 -24018.312335
17170.851987 -24018.312328
17195.292218 -24018.312328
17223.948885 -24018.312328
17247.729983 -24018.312328
