18231.773847 -24193.585487
18235.278378 -24061.867551
18244.288128 -24057.739835
18257.829358 -24046.274443
18278.755509 -24045.418212
18303.296410 -24032.293444
18329.591432 -24029.659399
18356.234960 -24028.284332
18383.890022 -24027.922545
18412.405013 -24027.899177
18440.338481 -24027.427428
18467.954342 -24027.227089
18493.941748 -24027.148987
18522.053749 -24027.148888
18541.905510 -24026.864379
18562.540900 -24026.864309
18585.649007 -24026.806254
18607.988132 -24026.806254
18629.824990 -24026.806254
18655.544499 -24026.703706
18678.741451 -24026.675044
18699.743879 -24026.675041
18721.324152 -24026.675041
18748.328205 -24023.980854
18771.576652 -24023.058043
18792.760924 -24023.044781
18813.268136 -24023.044746
18835.961965 -24023.044738
18861.822545 -24023.044734
18881.133241 -24023.044734
