38185.473977 -24195.948811
38188.952245 -24054.368230
38197.494059 -24044.103137
38213.587753 -24043.045908
38235.632656 -24027.115767
38256.785016 -24020.313658
38280.031885 -24018.067604
38302.839066 -24017.886327
38325.700153 -24017.807526
38345.328166 -24017.805313
38369.235684 -24017.804436
38397.996018 -24017.640150
38421.520246 -24017.613037
38442.832209 -24017.611406
38467.081003 -24017.610762
38496.023340 -24017.610507
38521.382466 -24017.363380
38545.125328 -24017.363252
38570.427449 -24017.363214
38599.915763 -24016.975658
38623.479386 -24016.975018
38648.875884 -24016.974829
38678.370541 -24016.974786
38701.985960 -24016.974786
