46795.157866 -24112.443559
46798.737008 -24059.836733
46807.791862 -24042.326386
46825.185450 -24041.095222
46845.281348 -24026.875037
46866.854198 -24025.399868
46887.923871 -24025.331739
46910.188888 -24024.105612
46932.626614 -24023.772851
46955.061952 -24023.683416
46977.467702 -24023.649669
46999.610158 -24023.620887
47021.895818 -24023.606760
47041.614601 -24023.606462
47065.473757 -24023.132247
47088.480155 -24023.089310
47109.955474 -24023.087697
47133.862932 -24023.087500
47162.332307 -24023.087479
47186.614779 -24023.072393
47211.303728 -24022.537593
47233.204078 -24022.537588
47256.781499 -24022.537585
47284.448887 -24022.479696
47308.800150 -24022.479636
47333.400441 -24022.479622
47360.969810 -24022.479618
47385.072742 -24021.981165
47409.401020 -24021.971744
47434.030107 -24021.971148
47460.603741 -24021.971098
47483.187932 -24021.971098
