6197.663480 -24104.509485
6201.112244 -24068.696740
6209.682971 -24043.933823
6224.079921 -24039.289836
6244.575379 -24038.626868
6273.944680 -24025.167517
6302.913487 -24023.874759
6333.718647 -24022.037309
6364.854963 -24021.411364
6396.419404 -24021.390347
6428.767332 -24021.336681
6448.885478 -24021.331265
6474.440115 -24021.290397
6497.677162 -24021.193531
6519.551462 -24021.132723
6540.731266 -24021.125837
6566.967708 -24021.119330
6596.607095 -24019.954238
6620.906598 -24019.946993
6648.147445 -24019.085430
6671.137159 -24018.212565
6692.107553 -24018.090493
6712.573830 -24018.066045
6732.936188 -24018.064289
6756.324186 -24018.063389
6782.116956 -24018.062928
6803.596581 -24018.062928
