15663.241787 -24135.562779
15666.701346 -24089.736260
15674.952842 -24069.802648
15690.157035 -24052.204926
15711.201666 -24047.033548
15735.341844 -24046.196996
15762.532385 -24026.476393
15790.160131 -24023.470517
15819.347091 -24023.417844
15849.842548 -24023.386338
15880.209987 -24023.369029
15911.648515 -24022.715272
15945.827670 -24022.683743
15965.934049 -24022.675100
15991.049008 -24022.666443
16020.461108 -24022.276243
16044.799339 -24021.611723
16067.048790 -24021.588722
16088.900314 -24021.580808
16114.674026 -24021.578673
16146.209835 -24020.843054
16170.604045 -24020.781550
16193.056259 -24020.728879
16214.650966 -24020.628968
16235.921373 -24020.442250
16257.096964 -24020.441176
16281.891676 -24020.409801
16304.836210 -24020.409657
16329.637124 -24020.409631
16360.584916 -24020.409626
16387.048958 -24019.930515
16412.210155 -24018.507862
16434.918688 -24018.506320
16459.817934 -24018.505613
16491.456756 -24018.505289
16518.596645 -24018.376808
16543.066953 -24018.261950
16565.175248 -24018.261495
16590.218961 -24018.261444
16622.560371 -24018.261431
16648.277513 -24018.261431
