37550.865658 -24102.539854
37554.271380 -24066.209796
37563.612184 -24045.691723
37578.562085 -24043.641608
37598.162581 -24041.555599
37621.694678 -24040.835417
37653.176480 -24026.285473
37680.911360 -24025.591765
37713.474303 -24025.374134
37745.838323 -24025.169665
37778.209871 -24025.029645
37808.825691 -24025.004927
37839.934098 -24024.832563
37859.826413 -24024.815812
37880.751529 -24024.768342
37902.130389 -24024.666729
37923.400095 -24024.660156
37948.635742 -24022.613133
37972.006967 -24019.551709
37992.948807 -24019.548279
38016.581519 -24019.547739
38043.269571 -24017.755186
38067.132923 -24017.649287
38088.581352 -24017.598266
38109.380428 -24017.598036
38132.496359 -24017.597989
38159.749891 -24017.597980
38181.246042 -24017.597980
