6808.694183 -24811.098902
6812.120408 -24767.812629
6820.834862 -24763.920273
6835.179760 -24762.716323
6853.582174 -24754.979763
6874.079746 -24752.846860
6876.207269 -24751.958358
6908.059681 -24736.919157
6941.167212 -24734.607530
6973.835601 -24734.429902
7006.986290 -24734.348003
7040.559612 -24734.261323
7059.953780 -24734.258512
7083.038091 -24734.256413
7108.352615 -24733.070208
7132.385777 -24732.853438
7154.417075 -24732.849908
7177.904801 -24732.847663
7202.922972 -24732.846318
7220.969258 -24732.846318
