23150.088403 -24153.058694
23153.500090 -24069.865398
23162.064378 -24062.068019
23177.310678 -24061.250661
23196.846508 -24034.385977
23217.288265 -24029.544947
23240.511360 -24029.389140
23262.016273 -24029.180798
23284.222998 -24029.025282
23303.055005 -24029.025101
23325.991966 -24029.025013
23351.344928 -24027.326030
23374.479425 -24027.176242
23396.083936 -24027.066299
23416.841877 -24026.871165
23438.048844 -24026.210124
23458.730969 -24026.140215
23479.414677 -24026.085923
23500.126504 -24025.983111
23520.801428 -24025.938886
23541.772721 -24025.811864
23562.329095 -24025.802378
23587.863743 -24025.798408
23618.321169 -24025.796614
23644.822322 -24025.046425
23669.133101 -24022.270598
23691.437983 -24022.215964
23712.651721 -24021.658789
23733.385711 -24021.658320
23758.475429 -24021.658078
23788.898990 -24021.657951
23814.592784 -24021.657951
