5716.441614 -24113.697491
5720.059107 -24058.860097
5729.824426 -24055.000941
5745.516161 -24046.904202
5767.477309 -24045.802492
5792.263862 -24032.837052
5819.200395 -24028.456876
5846.994724 -24028.162995
5873.494255 -24027.610924
5900.219344 -24027.511778
5926.765344 -24027.379896
5955.521210 -24027.363760
5976.438845 -24027.353599
6000.132902 -24027.344778
6026.376167 -24027.337276
6050.261465 -24026.687386
6075.114298 -24026.451240
6097.720961 -24026.434283
6119.594225 -24026.433451
6143.652494 -24026.432854
6170.917889 -24026.432360
6193.422562 -24026.432360
