12007.514995 -24099.730810
12010.853381 -24050.357398
12020.629669 -24048.308949
12036.062053 -24041.099298
12055.216251 -24037.856682
12079.019403 -24036.749600
12110.002532 -24028.435919
12140.621881 -24027.645076
12172.491604 -24027.203257
12202.795032 -24027.157135
12231.126668 -24027.078310
12260.601685 -24027.064177
12290.258581 -24027.019277
12309.227417 -24027.019267
12329.414139 -24027.019266
12354.781804 -24025.632906
12378.405579 -24023.628584
12399.973981 -24023.628568
12421.416542 -24023.628567
12448.954289 -24020.405073
12472.891031 -24020.243916
12494.799277 -24020.243842
12517.827220 -24020.243837
12545.673545 -24020.078031
12569.347654 -24020.078028
12592.707858 -24020.078028
12619.422650 -24020.078028
12642.487225 -24020.078028
