27279.613139 -24106.447233
27283.066951 -24061.786127
27291.258951 -24042.332939
27305.313350 -24040.388798
27322.858438 -24035.334311
27343.065709 -24034.367527
27345.082084 -24033.679310
27376.808031 -24019.663101
27409.982914 -24019.071102
27442.998886 -24018.653664
27474.841279 -24018.554261
27509.110265 -24018.504904
27543.422195 -24018.480535
27577.466016 -24018.299088
27596.910568 -24018.298682
27620.933417 -24018.298593
27650.656971 -24018.281330
27674.720016 -24018.225817
27696.669360 -24018.225074
27720.865688 -24018.225048
27748.503960 -24018.225048
27771.217005 -24017.998438
27795.624383 -24017.383462
27817.567165 -24017.380719
27841.611721 -24017.380551
27870.467756 -24017.380537
27892.850051 -24017.380537
