4819.304778 -24117.162022
4822.803061 -24060.292786
4831.709270 -24050.428485
4849.371711 -24049.451859
4869.319427 -24031.984240
4891.522681 -24030.144528
4913.625685 -24029.912789
4937.117604 -24029.355770
4961.225876 -24029.351731
4981.714625 -24029.097641
5002.840795 -24029.040220
5024.355601 -24029.038938
5049.174288 -24029.003262
5072.399004 -24029.001719
5097.295460 -24029.000390
5124.402589 -24028.877236
5148.832223 -24028.876787
5175.697474 -24027.163240
5198.583708 -24027.163197
5224.289365 -24027.163166
5252.195784 -24027.163141
5274.821458 -24021.482334
5298.841719 -24019.051477
5320.204392 -24019.050943
5343.909141 -24019.050816
5369.903523 -24019.050800
5392.060304 -24017.439232
5415.465451 -24017.337660
5436.668408 -24017.337633
5460.673906 -24017.337629
5488.619261 -24017.337628
5511.662791 -24017.292249
5534.487070 -24017.292202
5559.405168 -24017.292183
5588.162415 -24017.292175
5612.976705 -24017.272478
5635.678566 -24017.272319
5660.799231 -24017.272251
5689.148478 -24017.272219
5712.198300 -24017.272219
