11193.884973 -24119.571280
11197.418867 -24048.932700
11208.941178 -24047.118364
11223.971679 -24033.070256
11239.384080 -24030.595501
11255.164158 -24030.234874
11270.943309 -24030.044354
11287.485238 -24029.981298
11308.649489 -24029.966563
11332.936357 -24023.102340
11355.264791 -24023.049873
11376.313542 -24022.596266
11396.833191 -24022.594626
11420.491993 -24022.594548
11448.421487 -24021.016889
11471.844303 -24020.832000
11493.748982 -24020.690423
11514.204376 -24020.690387
11537.248580 -24017.345693
11559.533333 -24017.344979
11583.266262 -24017.344674
11611.469888 -24017.344535
11636.361913 -24017.195766
11659.737397 -24017.191388
11684.567834 -24017.190848
11713.105449 -24017.190726
11736.251531 -24017.190726
