45725.609422 -24356.191913
45728.980846 -24054.195930
45739.957643 -24053.455363
45755.866787 -24034.262193
45771.450563 -24031.995531
45786.595949 -24031.924927
45802.008129 -24031.753968
45817.975100 -24031.722160
45838.241387 -24031.722152
45861.878219 -24031.582076
45883.698336 -24030.435494
45903.902678 -24030.435413
45927.664787 -24030.435399
45952.318602 -24030.295787
45975.640107 -24030.054897
45996.729131 -24029.882482
46016.368188 -24029.882480
46040.047907 -24029.293480
46062.304087 -24028.961609
46083.133261 -24028.961473
46106.838022 -24028.961472
46131.776672 -24028.930662
46155.515569 -24028.347353
46176.931237 -24028.347340
46200.708491 -24028.329767
46222.817872 -24028.329764
46247.081397 -24028.329764
46270.587912 -24028.329764
46293.464562 -24026.635587
46317.550297 -24025.120936
46339.264987 -24024.822202
46360.292807 -24024.820642
46384.248695 -24024.820164
46409.437952 -24024.512272
46432.742388 -24024.495119
46454.090992 -24024.466541
46475.539360 -24023.740722
46497.002647 -24023.271276
46518.360901 -24023.270907
46542.718300 -24023.270569
46570.421041 -24023.183613
46594.142636 -24023.183301
46619.769053 -24023.182998
46647.809458 -24023.182704
46669.839391 -24020.094456
46693.764092 -24020.057637
46715.935015 -24020.041154
46741.126763 -24020.036131
46770.213261 -24020.035008
46790.842924 -24020.035008
