36175.467702 -24123.399111
36178.857975 -24062.000965
36187.417078 -24043.316406
36201.492508 -24039.669448
36220.953208 -24038.857026
36249.760498 -24031.033525
36276.497223 -24022.156615
36307.519812 -24021.559674
36338.319662 -24021.463665
36368.710806 -24021.438344
36402.039540 -24020.635528
36434.424758 -24020.328142
36466.482182 -24018.977781
36498.606591 -24018.657773
36518.015248 -24018.656328
36543.001415 -24018.569912
36566.207840 -24018.524349
36587.624129 -24018.524125
36612.430696 -24018.524111
36644.058285 -24018.524111
36667.891458 -24018.524111
