35361.828047 -24145.017033
35365.311973 -24072.697821
35373.879165 -24052.831899
35388.524352 -24049.049831
35408.351044 -24048.703904
35436.863188 -24028.812918
35462.815395 -24022.516014
35489.804189 -24020.180755
35515.139431 -24019.906808
35540.113518 -24019.865508
35565.677137 -24019.640389
35584.887671 -24019.520224
35604.828702 -24019.519959
35627.486881 -24019.519896
35656.086062 -24019.519878
35679.841133 -24017.788018
35703.231544 -24017.787811
35727.296540 -24017.787784
35755.510637 -24017.787780
35777.657860 -24017.787780
