19166.329706 -24094.290306
19169.947757 -24048.040876
19178.743619 -24045.665140
19192.533925 -24043.342740
19211.896260 -24042.797507
19237.068165 -24032.636554
19263.919739 -24032.542679
19290.612493 -24032.414999
19318.017244 -24032.365817
19345.072663 -24032.331212
19372.835121 -24032.285536
19391.942415 -24032.266966
19415.292253 -24032.251394
19442.896063 -24032.239858
19467.022181 -24029.842778
19490.957782 -24028.873267
19513.020163 -24028.873213
19538.575743 -24028.873194
19567.981403 -24028.748084
19591.906866 -24028.689802
19614.460697 -24028.689784
19640.329031 -24028.689782
19668.665773 -24028.689782
19691.932277 -24027.958504
19716.434740 -24027.939827
19739.339549 -24027.939819
19766.233984 -24022.814244
19789.207125 -24022.814219
19814.347870 -24022.596425
19837.562667 -24022.540749
19860.327238 -24022.496128
19882.878092 -24022.494739
19908.824071 -24022.494628
19938.735315 -24022.494620
19961.915264 -24020.912229
19987.449673 -24020.912121
20014.889777 -24020.912112
20044.984464 -24020.912111
20066.104871 -24020.912111
