8611.419419 -24104.580556
8614.983991 -24054.977842
8625.366669 -24044.544244
8642.548984 -24038.509603
8663.785602 -24037.072895
8686.018795 -24037.014362
8688.079013 -24035.326743
8721.222074 -24025.220114
8756.505127 -24021.003363
8792.385266 -24020.875097
8812.479768 -24020.863542
8837.990848 -24020.716333
8861.509415 -24020.685105
8883.634637 -24020.669290
8909.292303 -24020.655426
8938.448437 -24020.480047
8963.281235 -24019.053969
8985.540086 -24019.045890
9011.160571 -24019.040345
9039.562749 -24019.040297
9059.736084 -24019.040297
