29237.954475 -24106.941716
29241.487753 -24054.828081
29251.042925 -24045.854696
29267.207510 -24043.735046
29288.946621 -24042.570886
29316.189354 -24025.937854
29343.099101 -24023.621795
29370.966346 -24023.365170
29398.753885 -24023.281585
29425.322177 -24023.267634
29452.459431 -24023.262230
29472.025380 -24023.069889
29492.992083 -24022.990976
29514.040887 -24022.746273
29535.081283 -24022.739682
29558.207191 -24022.551414
29580.584072 -24022.517383
29601.800252 -24022.517356
29625.351629 -24022.517348
29653.115912 -24022.300388
29677.280321 -24022.267201
29699.106032 -24022.265229
29721.656482 -24022.264795
29748.606550 -24022.264650
29769.165318 -24022.264650
