10163.165095 -24119.720084
10166.553930 -24063.897161
10175.716455 -24044.668111
10193.360226 -24043.376856
10214.840642 -24027.816815
10238.613787 -24020.383669
10260.748099 -24018.561446
10282.984103 -24018.513673
10305.639754 -24018.375507
10327.691766 -24018.362570
10350.231229 -24018.226407
10370.220128 -24018.226067
10393.592745 -24018.225991
10421.993366 -24018.113141
10445.497351 -24018.064217
10466.963013 -24018.063506
10490.281133 -24018.063482
10517.239617 -24018.063482
10539.884789 -24018.063482
