32076.726107 -24116.056191
32080.329605 -24077.095655
32089.624679 -24044.036907
32106.240520 -24042.852680
32126.539327 -24032.916822
32148.046949 -24027.170557
32170.970102 -24024.770970
32192.704170 -24024.333325
32214.258143 -24024.260492
32235.725580 -24024.224893
32258.956535 -24024.179938
32278.551578 -24024.177723
32302.286796 -24024.175910
32331.617911 -24024.174401
32355.535463 -24018.184203
32379.698534 -24018.002247
32401.233531 -24017.997089
32425.733054 -24017.393489
32448.308625 -24017.351013
32469.877125 -24017.336925
32490.699844 -24017.320377
32511.326003 -24017.320366
32534.458529 -24017.320364
32562.260611 -24017.320364
32588.001828 -24017.235768
32610.972952 -24017.235768
32633.553121 -24017.235768
32659.817861 -24017.235768
32684.044690 -24017.235768
