21298.452123 -24133.292507
21301.859207 -24082.052789
21310.627615 -24055.905934
21325.397635 -24054.674601
21345.874444 -24052.784544
21370.184770 -24030.830724
21396.641596 -24025.822224
21425.022978 -24024.271219
21457.809657 -24024.182662
21476.792241 -24024.120363
21496.591098 -24024.070063
21516.628610 -24024.051583
21536.717164 -24024.014920
21556.710492 -24023.953867
21576.700832 -24023.924475
21596.945408 -24023.902185
21617.172851 -24023.896019
21641.630267 -24023.892728
21670.268700 -24023.891933
21694.583264 -24023.891933
