13263.516273 -24124.096245
13267.135066 -24074.419939
13277.922643 -24072.882643
13293.901304 -24051.052760
13310.535505 -24041.499231
13326.825109 -24041.404940
13344.061338 -24040.989005
13365.456669 -24040.960111
13386.435452 -24040.945999
13407.341947 -24040.945994
13431.704465 -24039.967289
13454.364472 -24038.487181
13475.594569 -24038.320712
13496.024482 -24038.214537
13516.200812 -24038.214535
13540.065464 -24038.214534
13569.945161 -24026.938990
13593.428424 -24020.654937
13614.533243 -24020.512710
13634.948556 -24020.305832
13654.963880 -24020.304605
13677.897945 -24020.281070
13700.171202 -24020.280840
13723.223734 -24020.280738
13749.456190 -24020.280693
13771.292880 -24020.280693
