4906.647263 -24826.838346
4910.330063 -24778.773784
4920.232406 -24755.589698
4938.221655 -24754.072649
4959.261576 -24737.448393
4982.468690 -24732.881599
5004.927349 -24732.144614
5027.442955 -24731.677222
5049.209035 -24731.602713
5071.319891 -24731.583480
5094.277890 -24731.573231
5117.598083 -24730.995907
5136.922588 -24730.995902
5159.870472 -24730.995902
5187.504153 -24730.995902
5207.315268 -24729.816157
5229.406048 -24729.816157
5254.060175 -24729.816157
5281.223910 -24729.816157
5299.314375 -24729.816157
