43251.892239 -24111.978128
43255.492329 -24064.220612
43265.698154 -24035.095855
43281.198550 -24029.437688
43302.271834 -24028.321071
43328.522969 -24021.549009
43353.141398 -24020.291729
43379.449508 -24018.907529
43405.455789 -24017.663357
43431.240386 -24017.579579
43456.268601 -24017.564532
43482.812403 -24017.559639
43501.399896 -24017.558774
43522.917710 -24017.557987
43548.456410 -24017.557265
43571.288044 -24017.518161
43593.790592 -24017.517531
43616.977510 -24017.516961
43642.530509 -24017.516434
43664.847989 -24017.516434
