26835.232539 -24139.761030
26838.783477 -24076.013887
26848.785882 -24072.989988
26864.741683 -24061.887523
26888.009600 -24059.179598
26913.809576 -24034.494618
26942.659273 -24029.801171
26973.778919 -24029.175824
27003.232632 -24028.559971
27032.743781 -24028.491830
27061.003179 -24028.488127
27079.953183 -24028.487704
27104.050271 -24028.487582
27132.825719 -24028.487546
27156.157261 -24028.015849
27179.891605 -24027.695858
27201.466007 -24027.693134
27226.146258 -24027.692980
27254.550153 -24027.692969
27275.446570 -24027.692969
