12646.685384 -24122.421502
12650.001386 -24070.654155
12658.688556 -24046.391337
12676.359934 -24045.360057
12696.733601 -24036.320013
12717.463743 -24027.565032
12737.299259 -24025.262664
12756.969393 -24023.378654
12776.955283 -24023.336987
12797.961597 -24023.306405
12820.123735 -24023.291179
12842.850519 -24023.288407
12862.686695 -24023.288242
12885.528858 -24023.288202
12912.417602 -24019.355742
12935.908162 -24017.100725
12957.004633 -24016.953046
12977.331143 -24016.953037
12999.226099 -24016.953037
13024.542838 -24016.953037
13048.484110 -24016.878713
13071.486657 -24016.878667
13095.007889 -24016.878661
13121.935877 -24016.846978
13144.888300 -24016.846974
13169.339688 -24016.832093
13190.973027 -24016.832092
13213.653535 -24016.832092
13238.620297 -24016.832092
13259.302514 -24016.832092
