28348.231186 -24148.069902
28351.825856 -24071.464340
28361.812541 -24055.104245
28378.539446 -24051.566255
28401.472680 -24049.977829
28430.254557 -24031.665028
28456.493360 -24028.643287
28484.986334 -24028.558556
28512.855748 -24028.491627
28541.701021 -24027.758296
28570.047428 -24027.605045
28589.043428 -24027.604999
28612.351155 -24027.604993
28641.303061 -24027.604992
28665.384578 -24026.046036
28689.321234 -24024.681415
28711.241533 -24024.680720
28735.486939 -24020.377220
28758.784400 -24019.299378
28780.527204 -24019.268241
28801.631314 -24019.193114
28823.013812 -24019.172554
28844.383495 -24019.172503
28868.889399 -24019.139731
28891.965540 -24019.139509
28916.510205 -24019.139472
28946.162759 -24019.139468
28972.862369 -24018.312783
28997.961964 -24018.168260
29020.514442 -24018.166736
29045.422629 -24018.166143
29076.370140 -24018.165872
29103.782516 -24018.073118
29128.167170 -24018.040818
29150.471186 -24018.040356
29175.391430 -24018.040221
29207.355503 -24018.040166
29233.666347 -24018.040166
