42199.495288 -24275.952619
42202.959975 -24061.517947
42211.777428 -24052.982845
42228.067647 -24050.749547
42250.438266 -24035.556268
42273.990533 -24029.270120
42296.132067 -24028.453065
42318.868827 -24028.103022
42341.452382 -24027.624652
42363.398804 -24027.550518
42385.215907 -24027.528091
42407.547988 -24027.446584
42427.865046 -24026.999470
42448.556414 -24026.855791
42469.434509 -24026.855789
42493.165204 -24026.855789
42524.312113 -24024.861758
42548.874216 -24023.162965
42570.968248 -24023.162369
42596.633553 -24023.162242
42629.259545 -24022.025022
42653.648500 -24020.949999
42675.493882 -24020.763254
42697.677654 -24018.495667
42719.079677 -24017.985970
42739.906825 -24017.963113
42760.912587 -24017.962398
42785.924258 -24017.902125
42808.848536 -24017.902062
42834.494621 -24017.902022
42867.421050 -24017.901994
42894.485921 -24017.165373
42919.089095 -24017.053685
42940.909559 -24017.053514
42965.283129 -24017.053463
42993.613849 -24017.053440
43017.192981 -24017.053440
