4.457630 -24835.817653
7.873808 -24773.414812
18.205625 -24772.079534
33.907391 -24754.029705
49.170500 -24752.492989
64.454384 -24752.430272
79.963749 -24751.253582
94.870831 -24751.169140
110.488932 -24751.073237
130.910695 -24749.023587
151.074754 -24749.021323
175.297962 -24746.329739
197.270747 -24745.500017
217.852550 -24745.007258
237.955806 -24744.738926
258.485809 -24744.701835
278.515906 -24744.698807
301.102048 -24744.382327
323.518236 -24744.382288
346.596394 -24744.382254
370.337535 -24741.927332
394.533204 -24741.865096
416.322422 -24741.865080
439.958262 -24741.865072
464.778857 -24740.114745
488.699401 -24739.944965
510.266702 -24739.803653
530.846519 -24739.803622
553.767836 -24739.660511
576.101978 -24737.055413
597.148598 -24737.055396
620.380021 -24737.055388
643.423582 -24737.055384
660.393060 -24737.055384
