17534.881582 -24117.778383
17538.591370 -24045.250333
17548.545171 -24039.868875
17566.707586 -24038.663137
17588.167736 -24028.162314
17609.047797 -24020.694385
17630.815274 -24019.456835
17652.395051 -24018.492235
17674.316949 -24018.328228
17696.384738 -24018.298788
17719.072537 -24018.244165
17738.902824 -24018.243518
17761.794753 -24018.243149
17789.733692 -24018.217650
17813.019889 -24018.173719
17834.366911 -24018.173113
17857.734828 -24018.173089
17885.420315 -24018.173086
17907.250422 -24018.173086
