22077.612192 -24264.580455
22081.158847 -24064.060199
22090.390190 -24047.563813
22105.278659 -24045.918548
22126.022821 -24042.357025
22152.652436 -24031.161087
22179.773530 -24024.749680
22207.141043 -24024.569857
22233.394597 -24024.508222
22258.845634 -24019.799980
22287.935695 -24019.739442
22318.727209 -24018.716503
22348.832179 -24018.703980
22379.925649 -24018.645232
22399.286398 -24018.644814
22425.103675 -24018.644476
22454.406877 -24018.644158
22476.169938 -24018.383614
22500.953656 -24017.867417
22522.861914 -24017.863949
22548.524738 -24017.863470
22576.919629 -24017.863157
22598.137557 -24017.863157
