45345.316452 -24125.996911
45348.901847 -24056.372783
45358.422973 -24053.738129
45375.521048 -24052.822913
45395.625593 -24043.287140
45417.850749 -24037.085155
45440.306947 -24035.174152
45461.456771 -24035.149497
45482.250239 -24034.984109
45504.219941 -24034.865109
45528.376576 -24034.790075
45549.397684 -24034.789963
45573.896862 -24034.789916
45600.535934 -24034.789884
45622.903458 -24034.259705
45647.501116 -24034.259588
45673.461590 -24034.259539
45700.410012 -24034.259505
45721.349787 -24034.259505
