6379.721885 -24833.723919
6383.349712 -24776.331282
6394.053736 -24774.133700
6409.099609 -24763.961641
6423.768450 -24763.184519
6438.579991 -24762.959927
6453.882770 -24762.905573
6474.578519 -24762.891135
6497.644063 -24748.385081
6521.762455 -24744.545411
6542.966232 -24743.921601
6563.195094 -24743.912816
6585.219720 -24743.907424
6609.848381 -24741.759167
6633.473871 -24741.606717
6652.638440 -24741.606717
6674.529508 -24741.606717
6699.134983 -24741.305203
6722.414620 -24741.242262
6741.672163 -24741.242262
6763.497305 -24741.242262
6786.431369 -24741.242262
6804.497525 -24741.242262
