34382.851737 -24110.707804
34386.128095 -24055.487165
34395.186408 -24043.888482
34411.582405 -24041.851388
34433.905253 -24040.349863
34459.114028 -24027.393488
34482.767485 -24024.525251
34508.074265 -24024.431396
34526.720476 -24024.387026
34546.456071 -24024.341488
34566.196590 -24024.330146
34586.135935 -24024.330078
34608.687068 -24024.261661
34630.770004 -24024.200243
34652.243898 -24024.180792
34673.024755 -24024.180777
34695.877476 -24024.180774
34723.390151 -24024.180774
34743.397966 -24024.180774
