33854.038272 -24129.449292
33857.441386 -24073.170876
33865.905980 -24052.863063
33880.132292 -24052.017234
33901.639619 -24034.673080
33922.060490 -24033.047719
33942.659197 -24030.984546
33965.011489 -24027.006347
33988.257182 -24025.838589
34011.949896 -24025.826947
34032.701475 -24025.826945
34057.290043 -24025.461384
34080.675734 -24024.362107
34102.242227 -24024.282661
34123.255507 -24024.261477
34147.882178 -24024.247094
34179.158299 -24024.236605
34202.295765 -24021.086806
34226.999570 -24019.634038
34249.423200 -24019.633825
34275.135734 -24019.459959
34298.405706 -24019.453491
34324.530404 -24019.451216
34357.426036 -24019.450494
34378.572195 -24019.450494
