7153.160616 -24114.854243
7156.579106 -24045.219309
7165.141471 -24042.274051
7178.690337 -24038.057675
7195.731844 -24037.972991
7217.482421 -24037.271055
7242.182954 -24027.817904
7270.484629 -24025.429583
7295.791542 -24025.390723
7323.936170 -24025.333888
7352.534021 -24025.290722
7371.565900 -24025.290650
7392.691032 -24025.290634
7419.200180 -24025.290630
7441.487528 -24023.869693
7464.812765 -24023.645763
7485.879142 -24023.645038
7507.279959 -24023.644407
7532.811642 -24023.643801
7551.816091 -24023.643801
