8072.995796 -24136.982353
8076.487562 -24065.921332
8085.039759 -24048.193195
8101.034669 -24047.005415
8118.806839 -24032.757554
8139.813923 -24027.750729
8160.124908 -24024.067088
8180.820540 -24024.062996
8200.603084 -24024.062896
8223.662772 -24024.062873
8250.296788 -24021.223337
8274.005259 -24020.343727
8295.685937 -24020.279361
8316.439912 -24020.045510
8337.096013 -24019.790983
8357.521387 -24019.787950
8381.355877 -24019.786647
8409.437377 -24019.677926
8432.905818 -24019.677750
8458.212771 -24019.677721
8485.928436 -24019.677714
8508.536965 -24017.694068
8532.109661 -24017.693856
8557.809668 -24017.693809
8585.642215 -24017.693799
8607.205642 -24017.693799
