7225.191815 -24836.382537
7228.754576 -24774.385959
7238.009076 -24767.146842
7253.440860 -24763.655039
7275.121101 -24761.509430
7299.196045 -24739.798967
7325.447554 -24735.688901
7351.840901 -24734.788022
7379.021129 -24734.046180
7405.410081 -24733.713456
7431.794603 -24733.638413
7458.728408 -24733.555183
7477.976191 -24733.554966
7501.175655 -24733.554848
7530.306703 -24732.468892
7554.038373 -24732.417147
7575.730666 -24732.395245
7596.613407 -24732.392910
7621.077716 -24732.392118
7650.550961 -24732.391811
7672.603903 -24732.372704
7696.821169 -24732.371728
7722.484834 -24732.371610
