34748.125870 -24170.369697
34751.608546 -24062.634812
34760.866148 -24045.374266
34778.567850 -24042.760441
34800.043194 -24022.202623
34823.274550 -24020.283699
34845.686006 -24020.128959
34868.556377 -24019.989485
34889.013218 -24019.989467
34914.435068 -24019.989465
34943.716374 -24019.601362
34967.767567 -24019.600241
34994.802199 -24019.599968
35028.128876 -24019.116363
35052.296398 -24019.116228
35079.483120 -24019.116165
35111.807807 -24019.116112
35136.803407 -24019.093408
35161.579365 -24019.076382
35184.087048 -24019.076325
35209.477754 -24018.955294
35232.661809 -24018.712607
35254.628610 -24018.558023
35276.165619 -24018.557802
35301.207448 -24018.557622
35332.807026 -24018.557457
35357.563463 -24018.557457
