4366.488770 -24139.959821
4370.028981 -24057.133142
4379.129896 -24040.129162
4396.938129 -24038.810931
4420.564309 -24027.335866
4446.244449 -24024.768096
4468.101250 -24024.344753
4490.357898 -24024.309010
4513.183398 -24024.301103
4532.705513 -24024.300827
4555.913512 -24024.300706
4583.109467 -24021.333747
4606.874195 -24021.316201
4628.611366 -24021.315995
4652.158651 -24017.431365
4675.207785 -24017.294571
4696.728707 -24017.294372
4720.436380 -24017.217438
4743.176493 -24017.217397
4767.355757 -24017.217382
4794.878020 -24017.217376
4815.035254 -24017.217376
