25200.498423 -24138.115427
25204.173409 -24062.280627
25212.762073 -24054.268025
25227.606552 -24047.983999
25248.499057 -24047.122145
25273.768705 -24031.971624
25302.466415 -24024.059708
25330.843700 -24024.013218
25360.302081 -24023.704288
25379.199190 -24023.703978
25403.439420 -24023.703922
25432.440674 -24023.703910
25452.804325 -24021.000380
25476.626489 -24019.702401
25498.866757 -24018.516493
25519.925093 -24018.249931
25540.382494 -24018.226066
25561.093497 -24018.224948
25584.897710 -24018.155070
25606.860075 -24018.130330
25627.981322 -24018.129984
25651.729806 -24018.129925
25680.441428 -24018.129910
25703.362017 -24018.020534
25726.566465 -24018.020508
25751.803326 -24018.020499
25780.422840 -24018.020496
25802.772180 -24018.020496
