20364.436064 -24109.629133
20367.971680 -24042.691940
20379.821477 -24041.662124
20396.483599 -24031.644288
20412.719773 -24029.540832
20428.817736 -24029.298312
20445.812100 -24029.283094
20463.451781 -24029.189945
20484.883686 -24029.189616
20512.129119 -24027.742032
20535.568080 -24027.458900
20557.635822 -24026.859398
20579.284210 -24026.733761
20600.758482 -24026.733525
20627.643018 -24024.007850
20650.379901 -24024.007635
20676.734255 -24020.050459
20699.807467 -24018.792986
20720.940483 -24018.792981
20744.670383 -24018.792981
20775.204744 -24018.792981
20800.296531 -24018.523523
20824.911853 -24017.883022
20844.565902 -24017.883022
20868.389937 -24017.883022
20899.509698 -24017.883022
20922.986491 -24017.883022
