5597.314255 -24834.846255
5600.740365 -24787.727365
5610.130577 -24776.103063
5627.880046 -24775.051421
5651.564621 -24765.361388
5673.313457 -24754.140793
5695.448943 -24739.868506
5716.994683 -24738.816587
5738.759899 -24738.377524
5760.499218 -24737.944690
5781.022776 -24737.685523
5802.062193 -24736.837437
5823.166419 -24736.761966
5844.223280 -24736.761856
5867.099827 -24736.761753
5892.306529 -24735.608672
5916.035959 -24735.608460
5939.395972 -24735.608263
5965.406940 -24735.446571
5988.311086 -24734.712625
6009.682973 -24734.437437
6030.271896 -24733.730668
6050.792606 -24733.450438
6071.418377 -24733.380541
6091.781853 -24733.294949
6112.096545 -24733.255134
6132.312327 -24733.236053
6155.057262 -24733.219786
6180.235580 -24733.001865
6203.659898 -24732.989501
6225.255225 -24732.955720
6246.531275 -24732.602270
6267.837273 -24732.528479
6288.833360 -24732.496392
6309.611450 -24732.496328
6332.790941 -24732.496303
6356.633678 -24732.496288
6375.454823 -24732.496288
