24359.917489 -24166.523852
24363.478902 -24076.098098
24372.584356 -24065.520155
24388.302623 -24056.904639
24410.339276 -24055.106573
24437.442389 -24036.462801
24465.767674 -24028.567372
24495.216817 -24027.949343
24523.948476 -24027.837187
24553.919988 -24027.790248
24583.252400 -24027.762140
24612.329315 -24027.748372
24641.881661 -24027.561217
24661.403946 -24027.560929
24686.014004 -24027.560882
24714.878867 -24026.545257
24739.429682 -24026.545186
24767.062217 -24021.948194
24790.891585 -24021.454466
24813.091219 -24021.454436
24838.762584 -24021.246729
24862.721426 -24021.189367
24885.326321 -24021.189350
24911.020153 -24021.189347
24940.950208 -24021.129878
24966.184474 -24021.081192
24989.562975 -24021.079803
25015.154867 -24021.079689
25044.765295 -24021.079679
25068.371194 -24021.062361
25093.958960 -24021.036217
25117.305109 -24021.035923
25143.695629 -24021.035890
25173.880728 -24021.035886
25196.256403 -24021.035886
